//TODO wastebasket on OAK's = 157

//Route 1 = 20x36

"route": [[248,248,248],[168,224,88],[160,208,248],[24,16,16]]

for (var i = 0; i<40;i++){
  a = a.concat("1, ")
}


for (var i = 0; i < a.length;i++){
  if(i%20 == 0){
    b.push(47,47,47,47)
  }
  b.push(a[i])
}
b.push(47,47,47,47)

{
    "name": "Route 22",
    "pallete": "route",
    "array": [],
    "signs": [],
    "npc": [],
    "items": [],
    "grass": [],
    "water": [],
    "enounters":[],
    "startX": 0,
    "startY": 0,
    "sizeX": 0,
    "sizeY": 0
}

{
    "x":0,
    "y":0,
    "text":""
}

{
    "name":null,
    "sprite":1,
    "x":0,
    "y":0,
    "text":"",
    "text2":null,
    "item":null,
    "trainer":false
}

{
    "x":0,
    "y":0,
    "item":"",
    "rarity":0,
    "type":"Consumable",
    "hidden":false
}


{
    "pokemon":"",
    "games":"RBY",
    "levels":[],
    "rate":100,
    "method":"",
    "for":null
},


//"0":empty
//"1":rough
//"2":pillar
//"3":short grass
//"4":lone grass
//"5":tall grass
//"6":sign
//"7":fence
//"8":Flower 1
//"9":Flower 2
//"10":roof small start
//"11":roof small mid
//"12":roof small end
//"13":house F2 start
//"14":house F2 1 window
//"15":house F2 2 window
//"16":house F2 end
//"17":house F1 start
//"18":house F1 door
//"19":house F1 2 window
//"20":house F1 end
//"21":roof big start B
//"22":roof big mid B
//"23":roof big end B
//"24":roof big start F
//"25":roof big mid F
//"26":roof big end F
//"27":building TopF Start
//"28":building TopF end
//"29":building F+ two windows
//"30":building F+ two windows brick
//"31":building F+ window brick
//"32":building F+ brick window
//"33":bulding F1 start
//"34":bulding F1 end
//"35":shore L
//"36":shore LU
//"37":shore U
//"38":shore RU
//"39":shore R
//"40":water




{
    "name": "PLAYER's House",
    "pallete": "pallet",
    "array": [110,110,110,110,110,110,110,110,110,110,110,116,116,113,114,113,114,113,114,110,110,126,126,111,115,111,111,111,132,110,110,111,111,111,111,111,111,111,111,110,110,111,111,111,111,111,111,111,111,110,110,111,111,130,122,123,130,111,111,110,110,111,111,130,120,121,130,111,111,110,110,111,111,111,111,111,111,111,111,110,110,111,111,112,112,111,111,111,111,110,110,110,110,110,110,110,110,110,110,110,110,117,124,125,113,113,114,113,114,110,110,127,120,121,111,111,111,111,133,110,110,111,111,111,111,111,111,111,111,110,110,111,111,111,111,111,111,111,111,110,110,111,111,111,115,111,111,111,111,110,110,111,111,111,131,111,111,111,111,110,110,118,111,111,111,111,111,119,111,110,110,128,111,111,111,111,111,129,111,110,110,110,110,110,110,110,110,110,110,110],
    "signs": [],
    "npc": [],
    "items": [],
    "grass": [],
    "water": [],
    "enounters":[],
    "startX": 70,
    "startY": 240,
    "sizeX": 10,
    "sizeY": 19
},
{
    "name": "RIVAL's House",
    "pallete": "pallet",
    "array": [110,110,110,110,110,110,110,110,110,110,110,138,138,113,134,113,135,113,116,110,110,139,139,111,111,111,111,111,126,110,110,111,111,111,111,111,111,111,111,110,110,111,111,111,111,111,111,111,111,110,110,111,111,130,140,141,130,111,111,110,110,111,111,130,120,121,130,111,111,110,110,119,111,111,111,111,111,111,119,110,110,129,111,136,136,111,111,111,129,110,110,110,110,110,110,110,110,110,110,110],
    "signs": [],
    "npc": [],
    "items": [],
    "grass": [],
    "water": [],
    "enounters":[],
    "startX": 70,
    "startY": 240,
    "sizeX": 10,
    "sizeY": 10
}
{
    "name": "Prof Oak's Laboratory",
    "pallete": "pallet",
    "array": [110,110,110,110,110,110,110,110,110,110,110,110,110,151,151,151,151,150,150,156,156,156,156,110,110,142,143,140,141,149,149,126,126,126,126,110,110,144,146,144,146,149,149,149,149,149,149,110,110,149,149,149,149,149,149,140,158,141,157,110,110,149,149,149,149,149,149,144,145,146,149,110,110,149,149,149,149,149,149,149,149,149,149,110,110,156,156,156,156,149,149,156,156,156,156,110,110,126,126,126,126,149,149,126,126,126,126,110,110,149,149,149,149,149,149,149,149,149,149,110,110,149,149,149,149,149,149,149,149,149,149,110,110,149,149,149,149,149,149,149,149,149,149,110,110,149,149,149,149,148,148,149,149,149,149,110,110,110,110,110,110,110,110,110,110,110,110,110],
    "signs": [],
    "npc": [],
    "items": [],
    "grass": [],
    "water": [],
    "enounters":[],
    "startX": 70,
    "startY": 240,
    "sizeX": 12,
    "sizeY": 14
}
{
    "name": "NPC House Viridian 1",
    "pallete": "pallet",
    "array": [110,110,110,110,110,110,110,110,110,110,110,138,138,113,134,113,135,113,116,110,110,139,139,111,111,111,111,111,126,110,110,111,111,111,111,111,111,111,111,110,110,111,111,111,111,111,111,111,111,110,110,111,111,130,140,141,130,111,111,110,110,111,111,130,120,121,130,111,111,110,110,119,111,111,111,111,111,111,119,110,110,129,111,136,136,111,111,111,129,110,110,110,110,110,110,110,110,110,110,110],
    "signs": [],
    "npc": [],
    "items": [],
    "grass": [],
    "water": [],
    "enounters":[],
    "startX": 70,
    "startY": 240,
    "sizeX": 10,
    "sizeY": 10
}
{
    "name": "NPC House Viridian 2",
    "pallete": "pallet",
    "array": [110,110,110,110,110,110,110,110,110,110,110,138,138,113,134,113,135,113,116,110,110,139,139,111,111,111,111,111,126,110,110,111,111,111,111,111,111,111,111,110,110,111,111,111,111,111,111,111,111,110,110,111,111,130,140,141,130,111,111,110,110,111,111,130,120,121,130,111,111,110,110,119,111,111,111,111,111,111,119,110,110,129,111,136,136,111,111,111,129,110,110,110,110,110,110,110,110,110,110,110],
    "signs": [],
    "npc": [],
    "items": [],
    "grass": [],
    "water": [],
    "enounters":[],
    "startX": 70,
    "startY": 240,
    "sizeX": 10,
    "sizeY": 10
}
{
  "name": "Pokemon School",
  "pallete": "viridian",
  "array": [110,110,110,110,110,110,110,110,110,110,110,113,135,113,152,153,113,113,138,110,110,111,111,111,111,111,111,111,139,110,110,111,111,111,111,111,111,111,111,110,110,111,111,111,155,141,111,111,111,110,110,111,111,111,154,121,111,111,111,110,110,111,111,111,130,111,111,111,111,110,110,119,111,111,111,111,111,111,119,110,110,129,111,136,136,111,111,111,129,110,110,110,110,110,110,110,110,110,110,110],
  "signs": [],
  "npc": [],
  "items": [],
  "grass": [],
  "water": [],
  "enounters":[],
  "startX": 70,
  "startY": 240,
  "sizeX": 10,
  "sizeY": 10
}
{
    "name": "Pewter City Gym",
    "pallete": "pewter",
    "array": [110,110,110,110,110,110,110,110,110,110,110,110,110,199,199,199,199,199,199,199,199,199,199,110,110,199,149,149,149,149,149,149,149,149,199,110,110,199,149,149,149,149,149,149,149,149,199,110,110,199,199,199,199,149,149,199,199,199,199,110,110,199,149,149,149,149,149,149,149,149,199,110,110,199,149,199,149,149,199,199,199,149,199,110,110,199,149,149,149,149,149,149,149,149,199,110,110,199,149,199,149,149,199,199,199,149,199,110,110,199,149,149,149,149,149,149,149,149,199,110,110,199,199,199,198,149,149,198,199,199,199,110,110,149,149,149,218,149,149,218,149,149,149,110,110,149,149,149,149,149,149,149,149,149,149,110,110,149,149,149,149,149,149,149,149,149,149,110,110,149,149,149,149,148,148,149,149,149,149,110,110,110,110,110,110,110,110,110,110,110,110,110],
    "signs": [],
    "npc": [],
    "items": [],
    "grass": [],
    "water": [],
    "enounters":[],
    "startX": 70,
    "startY": 240,
    "sizeX": 12,
    "sizeY": 16
}